λ(nm) n k
400 2.4429 0.39473
401 2.4414792 0.39275733
402 2.4405863 0.39060077
403 2.4422712 0.38754642
404 2.444784 0.38270208
405 2.4489775 0.3742236
406 2.450475 0.3623925
407 2.4489324 0.3467808
408 2.4420254 0.3331283
409 2.4313905 0.3208373
410 2.4203205 0.31328717
411 2.4090638 0.30776885
412 2.3997774 0.30451283
413 2.3910143 0.3018582
414 2.3837411 0.29982135
415 2.376731 0.2978935
416 2.3707879 0.296094
417 2.3649502 0.2943072
418 2.3597348 0.29250422
419 2.3545587 0.2907002
420 2.349835 0.2888715
421 2.345135 0.2870415
422 2.3407817 0.2852138
423 2.3364468 0.2833862
424 2.3323119 0.28156686
425 2.3281941 0.27974823
426 2.3242824 0.27795368
427 2.320399 0.27616242
428 2.3166397 0.2744158
429 2.3129077 0.27267894
430 2.3092928 0.27097595
431 2.3057215 0.26928547
432 2.3022408 0.26763368
433 2.2988136 0.26600456
434 2.2954412 0.26440263
435 2.2921233 0.26282784
436 2.288872 0.26127917
437 2.2857382 0.25977686
438 2.2826188 0.25828585
439 2.2795594 0.2568429
440 2.2765 0.2554
441 2.2736042 0.25401992
442 2.270708 0.25263983
443 2.267868 0.25130847
444 2.265043 0.24999009
445 2.2622886 0.24870875
446 2.2595894 0.24745655
447 2.2569106 0.24622078
448 2.254279 0.24502341
449 2.2516503 0.2438273
450 2.2491722 0.24269252
451 2.2466938 0.24155773
452 2.2442696 0.24046129
453 2.241866 0.23937975
454 2.2395039 0.23832004
455 2.237206 0.23729451
456 2.2349122 0.23627084
457 2.2327182 0.23529194
458 2.230524 0.23431304
459 2.2284043 0.23337024
460 2.2263207 0.23244525
461 2.2242556 0.23153445
462 2.222239 0.23066202
463 2.2202227 0.22978958
464 2.2182887 0.22895057
465 2.21637 0.22811791
466 2.2144766 0.22730492
467 2.2126217 0.22652265
468 2.210767 0.2257404
469 2.2090347 0.2249966
470 2.2073147 0.2242566
471 2.2056031 0.22353803
472 2.2039037 0.22285028
473 2.202204 0.22216253
474 2.2005906 0.22151281
475 2.1989892 0.22086827
476 2.1974163 0.22024147
477 2.1959047 0.21965232
478 2.194393 0.21906318
479 2.1928942 0.2185159
480 2.1914 0.21798334
481 2.1899185 0.21745966
482 2.1885223 0.21699551
483 2.187126 0.21653135
484 2.1857529 0.21610662
485 2.1844046 0.2157246
486 2.183056 0.21534258
487 2.18178 0.215039
488 2.1805208 0.21475382
489 2.179263 0.21448228
490 2.1780176 0.21432109
491 2.176772 0.21415992
492 2.1755457 0.21406
493 2.17435 0.21406
494 2.1731544 0.21406
495 2.1720357 0.214184
496 2.1709642 0.214384
497 2.1698928 0.214584
498 2.1688566 0.21500674
499 2.1678283 0.21547838
500 2.1668 0.21595
501 2.1659608 0.21676818
502 2.1651218 0.21758637
503 2.164308 0.21846972
504 2.1636505 0.21975346
505 2.1629932 0.2210372
506 2.16244 0.22247432
507 2.1622005 0.22437158
508 2.1619606 0.22626884
509 2.1619227 0.22842743
510 2.1622941 0.23111662
511 2.1626658 0.2338058
512 2.1634817 0.23686244
513 2.1650536 0.24054472
514 2.1666255 0.24422699
515 2.1689796 0.24831468
516 2.1726098 0.25306386
517 2.1762402 0.25781304
518 2.181185 0.26277697
519 2.1885705 0.26813972
520 2.1959562 0.27350244
521 2.205101 0.27836055
522 2.2185526 0.28198314
523 2.2320042 0.2856057
524 2.246706 0.28768077
525 2.266738 0.28315848
526 2.2867696 0.2786362
527 2.3066943 0.27331948
528 2.3245807 0.2529094
529 2.3424673 0.2324993
530 2.3603537 0.21208921
531 2.3620338 0.1840268
532 2.3615043 0.15492088
533 2.3609748 0.12581496
534 2.349229 0.107187815
535 2.3319592 0.09372186
536 2.3146892 0.08025591
537 2.303291 0.069761775
538 2.3003428 0.06354415
539 2.2973945 0.057326514
540 2.2935927 0.050755866
541 2.2835326 0.041596405
542 2.2734728 0.032436945
543 2.2634127 0.023277486
544 2.2535641 0.018572403
545 2.2437718 0.015051394
546 2.2339795 0.011530385
547 2.2250578 0.00894274
548 2.2173386 0.007644027
549 2.2096193 0.006345313
550 2.2019 0.0050466
551 2.1958017 0.004584692
552 2.1897035 0.004122785
553 2.1836052 0.003660877
554 2.1781 0.003370717
555 2.1731 0.00322686
556 2.1681 0.003083003
557 2.1631322 0.002943656
558 2.1589348 0.002912557
559 2.1547377 0.002881459
560 2.1505406 0.00285036
561 2.1466255 0.002834254
562 2.1430044 0.002833753
563 2.1393833 0.002833252
564 2.1357622 0.00283275
565 2.132507 0.002831983
566 2.129293 0.002831186
567 2.1260786 0.00283039
568 2.1229532 0.002827045
569 2.1200805 0.002816449
570 2.1172078 0.002805853
571 2.1143353 0.002795256
572 2.1116178 0.002778536
573 2.1090171 0.002757195
574 2.1064167 0.002735855
575 2.103816 0.002714514
576 2.1013832 0.002686255
577 2.098982 0.002656677
578 2.096581 0.002627099
579 2.0941877 0.002597252
580 2.0919423 0.002562291
581 2.089697 0.00252733
582 2.0874515 0.002492369
583 2.0852418 0.002456899
584 2.0831597 0.002419624
585 2.0810773 0.002382349
586 2.0789952 0.002345074
587 2.0769534 0.002307731
588 2.074994 0.00227025
589 2.0730348 0.002232769
590 2.0710757 0.002195289
591 2.069168 0.002158484
592 2.0673387 0.002122695
593 2.065509 0.002086905
594 2.0636795 0.002051116
595 2.0618913 0.002016465
596 2.060163 0.001983453
597 2.0584345 0.00195044
598 2.0567062 0.001917428
599 2.055003 0.001885649
600 2.0533445 0.001856064
601 2.0516858 0.001826479
602 2.0500274 0.001796893
603 2.0484 0.001768294
604 2.0468616 0.0017425
605 2.0453231 0.001716707
606 2.0437846 0.001690914
607 2.0422504 0.001665505
608 2.0407538 0.001643557
609 2.0392575 0.00162161
610 2.037761 0.001599662
611 2.0362647 0.001577714
612 2.0348494 0.001559105
613 2.0334442 0.001540908
614 2.0320392 0.001522711
615 2.030634 0.001504515
616 2.0292714 0.001488529
617 2.027935 0.001473897
618 2.0265987 0.001459266
619 2.025262 0.001444635
620 2.0239427 0.001430892
621 2.0226672 0.001419434
622 2.0213916 0.001407976
623 2.0201159 0.001396518
624 2.0188403 0.00138506
625 2.0176225 0.001376217
626 2.0164115 0.001367697
627 2.0152009 0.001359177
628 2.0139902 0.001350657
629 2.0128052 0.001343203
630 2.0116549 0.001337163
631 2.0105045 0.001331123
632 2.0093539 0.001325083
633 2.0082035 0.001319044
634 2.007089 0.001314991
635 2.0059779 0.001311135
636 2.0048666 0.001307278
637 2.0037556 0.001303422
638 2.0026567 0.001300155
639 2.0015836 0.001298137
640 2.0005107 0.00129612
641 1.9994378 0.001294103
642 1.9983648 0.001292086
643 1.9973428 0.00129105
644 1.9963471 0.001290521
645 1.9953513 0.001289991
646 1.9943556 0.001289461
647 1.9933598 0.001288932
648 1.9923776 0.001289567
649 1.9913964 0.001290277
650 1.9904152 0.001290987
651 1.989434 0.001291697
652 1.9884614 0.001292546
653 1.9875374 0.001294189
654 1.9866134 0.001295832
655 1.9856893 0.001297475
656 1.9847653 0.001299117
657 1.9838501 0.00130097
658 1.9829576 0.001303364
659 1.9820651 0.001305757
660 1.9811726 0.001308151
661 1.9802802 0.001310544
662 1.9794002 0.001313118
663 1.9785436 0.001316026
664 1.977687 0.001318935
665 1.9768305 0.001321843
666 1.9759738 0.001324751
667 1.9751277 0.001327783
668 1.9743025 0.001331064
669 1.9734774 0.001334345
670 1.9726523 0.001337626
671 1.9718271 0.001340906
672 1.9710139 0.001344237
673 1.9702388 0.001347726
674 1.9694636 0.001351214
675 1.9686884 0.001354702
676 1.9679132 0.001358191
677 1.967139 0.001361683
678 1.9663771 0.001365226
679 1.9656153 0.001368769
680 1.9648533 0.001372312
681 1.9640914 0.001375855
682 1.9633296 0.001379398
683 1.9625927 0.001382943
684 1.961861 0.001386489
685 1.9611293 0.001390035
686 1.9603976 0.001393581
687 1.9596659 0.001397127
688 1.958958 0.001400619
689 1.9582741 0.001404057
690 1.9575902 0.001407495
691 1.9569063 0.001410933
692 1.9562224 0.001414371
693 1.9555395 0.001417795
694 1.9548668 0.001421067
695 1.954194 0.00142434
696 1.9535213 0.001427613
697 1.9528486 0.001430885
698 1.9521759 0.001434158
699 1.9515201 0.001437294
700 1.950876 0.001440335
701 1.950232 0.001443377
702 1.9495881 0.001446418
703 1.948944 0.001449459
704 1.9483 0.0014525
705 1.9476838 0.001455264
706 1.9470676 0.001458028
707 1.9464514 0.001460792
708 1.9458352 0.001463556
709 1.945219 0.00146632
710 1.944606 0.001468999
711 1.9439993 0.001471494
712 1.9433928 0.00147399
713 1.9427861 0.001476486
714 1.9421796 0.001478981
715 1.9415729 0.001481477
716 1.9409903 0.001483792
717 1.9404272 0.001485959
718 1.939864 0.001488126
719 1.9393009 0.001490294
720 1.9387378 0.001492461
721 1.9381746 0.001494628
722 1.9376179 0.001496573
723 1.9370643 0.001498419
724 1.9365106 0.001500265
725 1.9359568 0.00150211
726 1.9354032 0.001503956
727 1.9348495 0.001505802
728 1.9343145 0.001507408
729 1.9337865 0.001508926
730 1.9332584 0.001510445
731 1.9327303 0.001511963
732 1.9322023 0.001513481
733 1.9316742 0.001514999
734 1.9311525 0.001516293
735 1.9306339 0.001517476
736 1.9301152 0.001518659
737 1.9295965 0.001519842
738 1.929078 0.001521025
739 1.9285593 0.001522208
740 1.9280604 0.001523231
741 1.9275812 0.001524094
742 1.927102 0.001524957
743 1.9266226 0.001525819
744 1.9261434 0.001526682
745 1.9256642 0.001527544
746 1.9251834 0.001528332
747 1.9246975 0.00152888
748 1.9242116 0.001529429
749 1.9237257 0.001529977
750 1.9232398 0.001530526
751 1.9227539 0.001531075
752 1.922268 0.001531623
753 1.9218152 0.001531912
754 1.9213676 0.001532159
755 1.92092 0.001532406
756 1.9204725 0.001532653
757 1.920025 0.0015329
758 1.9195775 0.001533147
759 1.9191331 0.001533277
760 1.9186937 0.001533216
761 1.9182543 0.001533156
762 1.9178149 0.001533095
763 1.9173754 0.001533035
764 1.916936 0.001532974
765 1.9164966 0.001532913
766 1.9160745 0.001532644
767 1.9156573 0.001532316
768 1.9152399 0.001531989
769 1.9148227 0.001531661
770 1.9144053 0.001531333
771 1.9139881 0.001531005
772 1.9135714 0.001530658
773 1.9131614 0.001530058
774 1.9127514 0.001529457
775 1.9123415 0.001528857
776 1.9119315 0.001528257
777 1.9115216 0.001527657
778 1.9111116 0.001527056
779 1.9107033 0.0015264
780 1.9103004 0.001525565
781 1.9098976 0.001524731
782 1.9094946 0.001523896
783 1.9090918 0.001523062
784 1.9086889 0.001522227
785 1.9082861 0.001521393
786 1.9078935 0.001520493
787 1.9075263 0.001519433
788 1.9071591 0.001518374
789 1.9067918 0.001517315
790 1.9064245 0.001516256
791 1.9060574 0.001515196
792 1.9056901 0.001514137
793 1.9053214 0.001513032
794 1.9049469 0.001511756
795 1.9045724 0.00151048
796 1.9041979 0.001509204
797 1.9038235 0.001507928
798 1.9034489 0.001506652
799 1.9030745 0.001505376
800 1.9027 0.0015041
801 1.9023594 0.001502642
802 1.9020188 0.001501184
803 1.9016782 0.001499727
804 1.9013376 0.001498269
805 1.900997 0.001496811
806 1.9006565 0.001495353
807 1.9003158 0.001493896
808 1.8999703 0.001492322
809 1.8996222 0.001490689
810 1.8992741 0.001489056
811 1.8989261 0.001487422
812 1.898578 0.001485789
813 1.89823 0.001484156
814 1.897882 0.001482523
815 1.8975402 0.001480858
816 1.8972251 0.00147906
817 1.8969102 0.001477263
818 1.8965952 0.001475465
819 1.8962803 0.001473667
820 1.8959653 0.001471869
821 1.8956504 0.001470071
822 1.8953354 0.001468273
823 1.8950163 0.001466406
824 1.8946942 0.001464485
825 1.894372 0.001462565
826 1.8940499 0.001460645
827 1.8937277 0.001458725
828 1.8934056 0.001456805
829 1.8930833 0.001454885
830 1.8927612 0.001452965
831 1.8924543 0.001450941
832 1.8921509 0.001448893
833 1.8918474 0.001446845
834 1.891544 0.001444797
835 1.8912406 0.001442749
836 1.8909372 0.001440701
837 1.8906337 0.001438653
838 1.8903303 0.001436605
839 1.8900429 0.001434455
840 1.8897572 0.001432293
841 1.8894714 0.001430132
842 1.8891857 0.00142797
843 1.8889 0.001425809
844 1.8886143 0.001423647
845 1.8883286 0.001421486
846 1.8880428 0.001419324
847 1.8877622 0.001417087
848 1.8874824 0.001414836
849 1.8872025 0.001412586
850 1.8869227 0.001410335
851 1.8866429 0.001408085
852 1.8863631 0.001405834
853 1.8860834 0.001403583
854 1.8858036 0.001401333
855 1.8855271 0.001399034
856 1.8852526 0.001396707
857 1.8849782 0.00139438
858 1.8847038 0.001392053
859 1.8844292 0.001389726
860 1.8841548 0.001387399
861 1.8838803 0.001385072
862 1.8836058 0.001382745
863 1.8833356 0.0013804
864 1.883078 0.001377999
865 1.8828204 0.001375599
866 1.8825628 0.001373198
867 1.8823051 0.001370798
868 1.8820475 0.001368398
869 1.8817899 0.001365997
870 1.8815323 0.001363597
871 1.8812747 0.001361196
872 1.8810207 0.001358764
873 1.8807681 0.001356318
874 1.8805155 0.001353873
875 1.880263 0.001351427
876 1.8800104 0.001348982
877 1.8797578 0.001346536
878 1.8795052 0.001344091
879 1.8792526 0.001341645
880 1.879 0.0013392
881 1.8787638 0.001336725
882 1.8785275 0.001334251
883 1.8782914 0.001331776
884 1.8780551 0.001329301
885 1.877819 0.001326827
886 1.8775827 0.001324352
887 1.8773465 0.001321877
888 1.8771102 0.001319402
889 1.8768746 0.001316923
890 1.876643 0.00131441
891 1.8764114 0.001311896
892 1.8761799 0.001309382
893 1.8759484 0.001306868
894 1.8757169 0.001304355
895 1.8754853 0.001301841
896 1.8752538 0.001299327
897 1.8750223 0.001296813
898 1.8747909 0.001294298
899 1.8745642 0.001291761
900 1.8743373 0.001289223
901 1.8741106 0.001286685
902 1.8738838 0.001284147
903 1.873657 0.00128161
904 1.8734303 0.001279072
905 1.8732034 0.001276534
906 1.8729767 0.001273996
907 1.8727499 0.001271458
908 1.8725266 0.001268919
909 1.8723044 0.001266379
910 1.8720822 0.00126384
911 1.87186 0.0012613
912 1.8716378 0.00125876
913 1.8714156 0.001256221
914 1.8711933 0.001253681
915 1.8709711 0.001251141
916 1.8707489 0.001248602
917 1.8705316 0.001246062
918 1.8703244 0.001243523
919 1.8701171 0.001240984
920 1.8699099 0.001238446
921 1.8697026 0.001235907
922 1.8694954 0.001233368
923 1.8692881 0.001230829
924 1.8690808 0.00122829
925 1.8688736 0.001225751
926 1.8686663 0.001223212
927 1.8684689 0.001220681
928 1.8682759 0.001218153
929 1.868083 0.001215625
930 1.8678901 0.001213097
931 1.8676972 0.001210569
932 1.8675044 0.001208041
933 1.8673115 0.001205514
934 1.8671186 0.001202986
935 1.8669257 0.001200458
936 1.8667328 0.00119793
937 1.8665352 0.001195406
938 1.8663366 0.001192884
939 1.866138 0.001190362
940 1.8659394 0.001187839
941 1.8657407 0.001185317
942 1.865542 0.001182795
943 1.8653435 0.001180272
944 1.8651448 0.00117775
945 1.8649462 0.001175228
946 1.8647476 0.001172705
947 1.8645595 0.0011702
948 1.8643748 0.0011677
949 1.8641899 0.0011652
950 1.8640051 0.0011627
951 1.8638202 0.0011602
952 1.8636354 0.0011577
953 1.8634505 0.0011552
954 1.8632658 0.0011527
955 1.863081 0.0011502
956 1.8628961 0.0011477
957 1.8627177 0.001145217
958 1.8625466 0.001142753
959 1.8623753 0.001140288
960 1.862204 0.001137824
961 1.8620328 0.00113536
962 1.8618615 0.001132896
963 1.8616902 0.001130431
964 1.861519 0.001127967
965 1.8613477 0.001125503
966 1.8611764 0.001123038
967 1.8610052 0.001120574
968 1.8608285 0.001118136
969 1.8606519 0.001115699
970 1.8604751 0.001113261
971 1.8602983 0.001110824
972 1.8601216 0.001108387
973 1.8599448 0.00110595
974 1.8597682 0.001103513
975 1.8595914 0.001101075
976 1.8594146 0.001098638
977 1.8592379 0.001096201
978 1.859064 0.001093773
979 1.8589 0.001091378
980 1.858736 0.001088983
981 1.8585721 0.001086587
982 1.8584082 0.001084192
983 1.8582443 0.001081797
984 1.8580804 0.001079401
985 1.8579164 0.001077006
986 1.8577524 0.001074611
987 1.8575885 0.001072216
988 1.8574246 0.00106982
989 1.8572637 0.001067436
990 1.8571124 0.001065088
991 1.8569613 0.001062739
992 1.85681 0.00106039
993 1.8566587 0.001058041
994 1.8565074 0.001055693
995 1.8563563 0.001053344
996 1.856205 0.001050995
997 1.8560537 0.001048646
998 1.8559024 0.001046298
999 1.8557513 0.001043949
1000 1.8556 0.0010416
1001 1.8554435 0.001039296
1002 1.855287 0.001036991
1003 1.8551304 0.001034687
1004 1.8549739 0.001032383
1005 1.8548174 0.001030078
1006 1.8546609 0.001027774
1007 1.8545043 0.00102547
1008 1.8543478 0.001023165
1009 1.8541913 0.001020861
1010 1.8540348 0.001018557
1011 1.8538783 0.001016252
1012 1.8537279 0.001013975
1013 1.8535839 0.001011724
1014 1.8534398 0.001009473
1015 1.8532958 0.001007222
1016 1.8531517 0.001004971
1017 1.8530077 0.00100272
1018 1.8528636 0.001000469
1019 1.8527195 0.000998219
1020 1.8525754 0.000995968
1021 1.8524313 0.000993717
1022 1.8522873 0.000991466
1023 1.8521432 0.000989215
1024 1.8520008 0.000986993
1025 1.8518592 0.000984783
1026 1.8517175 0.000982573
1027 1.8515759 0.000980363
1028 1.8514341 0.000978153
1029 1.8512925 0.000975943
1030 1.8511509 0.000973733
1031 1.8510091 0.000971523
1032 1.8508675 0.000969313
1033 1.8507259 0.000967103
1034 1.8505841 0.000964893
1035 1.8504425 0.000962683
1036 1.8503089 0.000960514
1037 1.8501788 0.000958362
1038 1.8500488 0.00095621
1039 1.8499187 0.000954057
1040 1.8497887 0.000951905
1041 1.8496585 0.000949753
1042 1.8495284 0.000947601
1043 1.8493984 0.000945449
1044 1.8492683 0.000943297
1045 1.8491383 0.000941145
1046 1.8490081 0.000938993
1047 1.848878 0.000936841
1048 1.8487492 0.000934713
1049 1.8486222 0.000932619
1050 1.8484952 0.000930525
1051 1.8483683 0.000928432
1052 1.8482413 0.000926338
1053 1.8481143 0.000924244
1054 1.8479873 0.000922151
1055 1.8478603 0.000920057
1056 1.8477334 0.000917963
1057 1.8476063 0.00091587
1058 1.8474793 0.000913776
1059 1.8473524 0.000911682
1060 1.8472254 0.000909589
1061 1.8471016 0.000907554
1062 1.8469784 0.000905534
1063 1.8468554 0.000903514
1064 1.8467323 0.000901494
1065 1.8466092 0.000899474
1066 1.8464862 0.000897454
1067 1.8463631 0.000895434
1068 1.84624 0.000893414
1069 1.8461169 0.000891394
1070 1.8459939 0.000889374
1071 1.8458707 0.000887354
1072 1.8457477 0.000885334
1073 1.8456246 0.000883314
1074 1.845503 0.000881328
1075 1.8453819 0.000879351
1076 1.8452606 0.000877374
1077 1.8451394 0.000875396
1078 1.8450181 0.000873419
1079 1.8448969 0.000871442
1080 1.8447758 0.000869465
1081 1.8446546 0.000867487
1082 1.8445333 0.00086551
1083 1.8444121 0.000863533
1084 1.8442909 0.000861555
1085 1.8441697 0.000859578
1086 1.8440485 0.000857601
1087 1.8439294 0.000855667
1088 1.8438118 0.000853762
1089 1.8436941 0.000851857
1090 1.8435764 0.000849951
1091 1.8434588 0.000848046
1092 1.8433412 0.000846141
1093 1.8432236 0.000844236
1094 1.8431059 0.000842331
1095 1.8429883 0.000840426
1096 1.8428706 0.000838521
1097 1.8427529 0.000836615
1098 1.8426353 0.00083471
1099 1.8425176 0.000832805
1100 1.8424 0.0008309
